3510
4506
11407
14324
19826
29312
50205
50537
15890
16222
16886
24048
66166
89312
13706
19780
28433
29690
46409
66306
66475
68064
100103
3487
8110
47357
50345
51673
53763
65333
80112
96760
14748
17149
36975
46787
67686
79419
103567
10265
10271
23624
27583
65379
3627
23524
46415
60238
100690
105605
3481
9678
12850
14178
23670
32916
99631
35572
45605
53548
66999
70196
93434
11330
32970
50875
60610
68104
3527
3564
7394
7855
8187
9515
19843
49512
70451
93265
4546
8542
19605
23186
28264
41343
50577
72217
3573
4901
7692
11344
45611
56296
64214
7995
10989
12169
16153
36963
46793
52111
54613
54619
3767
5433
6318
14138
12864
13700
24274
34353
49501
3518
4600
16846
3498
16233
101560
3570
4400
4517
22874
32028
43481
47846
58801
90769
5207
7457
8124
8788
30697
36697
46349
83727
104285
5250
5256
11327
17327
19740
71842
99067
3478
13763
19763
21921
22468
45731
6458
24434
32426
45825
45923
57902
5227
5891
7391
8055
11178
17252
20547
36703
42064
49810
3504
4417
5662
27729
46784
51041
61191
63598
70096
75598
12054
15884
22880
34192
34370
36989
37536
43487
47354
88974
93929
96585
8957
36007
48834
68802
69884
69896
81208
11897
16225
20553
41615
63255
83850
5997
8161
20653
43965
45204
63939
76182
3490
3939
6644
14759
15933
16474
83515
102499
108499
4131
4623
17364
22774
62067
64723
68808
80710
15592
21051
27002
41609
53560
63249
75692
94627
7328
11170
46790
48118
54616
61185
67683
91161
93817
97730
12853
39651
48141
50348
51676
53975
66996
6378
6710
10531
19777
20773
28104
30428
46412
63392
91278
8725
12143
14135
15463
23172
54046
3507
4171
10740
14321
59694
66850
3484
9650
10978
18140
26747
28296
35575
39774
45608
53551
92349
3553
18950
20865
23521
32180
34172
37759
72214
105510
5522
5768
9063
10268
10932
32203
35080
76983
82147
92844
97590
4998
11247
15409
16156
17152
17484
36966
58938
71934
4394
5236
13511
58168
65330
93431
104282
9953
13703
14530
20687
28261
34347
49999
63315
96279
3561
7643
32529
49312
50972
65825
68493
75858
102871
43455
53534
56783
58947
72423
77925
92581
99073
15810
19800
64211
83730
90714
12861
23684
41340
45911
107093
3862
58798
11253
17324
19743
32146
58944
64849
66604
78343
98738
4898
5894
20550
30700
36700
81142
101085
4875
7125
8785
9781
24772
34350
36010
42010
59396
68811
3524
9475
9807
13766
15807
16471
43484
50431
58804
104076
3501
8001
31888
61194
82757
91247
10142
22634
46069
6037
8127
27262
46587
60727
71722
105928
14719
15850
44474
47351
62499
96680
4085
7666
8164
8911
20650
27646
33634
42053
57942
5224
8568
14009
15552
21054
23175
36694
3636
4383
5210
9289
13617
23518
23604
4028
6598
15893
22877
59173
96588
106867
6341
11410
19823
31135
61188
62860
3644
8605
9644
15589
22136
41612
53557
63246
75689
90843
107663
3544
16869
22771
68805
80707
3985
6641
15887
17461
18592
24051
59757
3771
6688
9676
10269
13257
67707
92845
96165
3748
7375
30546
61186
100101
3485
9058
14136
59171
65408
8749
9081
11405
12856
18143
19778
67755
93440
97731
20774
21770
46791
48119
61017
65431
7515
9507
13758
53552
3625
7615
10486
14322
30970
32421
46413
58223
72209
96683
4982
8302
17717
22881
66997
76984
80227
82148
4366
8202
9112
9653
9776
22440
65425
66851
23522
24432
37539
37760
46785
59695
3516
11342
28903
43310
48136
65448
90918
4203
9705
11248
23685
36706
46167
56686
91156
3562
4558
5972
14723
19703
32035
83885
32530
33277
50343
51671
65331
80150
7999
9954
20688
28262
36967
58939
61263
63316
96280
4598
9768
50048
58799
19603
43456
46407
60768
72424
3568
5732
28205
66321
83390
90715
95046
8534
12862
17485
27174
45912
52109
54617
55060
55699
65978
76995
107094
3688
15925
26075
50051
59703
66699
90675
101086
9902
15853
36011
3476
9476
10137
15547
50432
80147
98618
7126
8073
8786
9167
31840
42746
83419
4515
11256
12009
23493
36726
44475
45139
104077
3502
7787
9951
27976
53446
59397
76586
4807
5225
7146
9310
10143
14720
97714
20545
30532
42013
47352
47844
65325
10735
22637
27186
75802
3682
3931
6599
8508
9931
14010
14757
55132
61369
62116
68365
70037
3539
8912
20900
23519
24054
46321
66848
79783
3645
3980
9055
9633
15882
22878
30695
34190
36695
59909
105943
5995
7667
9290
13618
16237
20651
61189
67632
15590
15833
30744
35564
73775
75441
75690
90844
103573
104071
3496
7326
13326
13775
62065
69547
91230
11803
15888
19626
48840
63247
68067
5952
8116
8165
16231
68806
80708
10838
18593
35573
53549
64624
70197
71786
97588
5574
8869
10529
11408
14064
23525
66639
76125
12141
15461
32441
50346
51674
53764
8159
28434
46410
52152
81366
82128
94362
10266
27584
28906
48139
4787
5002
5125
12287
20771
24429
46788
64217
65428
100691
3482
15553
45606
49513
72235
76981
82145
84383
106859
3505
3628
17768
72212
7856
8188
12172
21919
29152
53543
70452
76689
3705
3920
4547
7904
12859
13701
58807
62139
71840
107091
19892
23187
27183
30718
45823
53981
9719
39858
58498
10692
12905
20934
56197
63181
72218
76300
96809
3519
15169
29244
4455
7449
8334
8783
10652
10990
45909
52112
54614
14826
16154
20777
24275
36964
45614
3565
14139
28110
80387
92633
6616
7157
12026
23682
43994
17253
31909
39640
43482
56454
57711
76185
82849
101916
104074
68809
3473
8219
16469
22875
30698
32527
36698
46350
49507
83728
104286
3499
3548
6745
16446
74333
9922
11345
13509
13764
21922
75856
103247
5328
8789
9779
24435
35298
52069
60725
3479
3971
5228
5892
7392
20548
43098
62497
4587
12112
17153
36506
39875
45826
65351
76589
79786
5520
12931
15587
15836
17508
36729
75693
98507
107661
36741
36990
44472
61784
67535
74021
7584
9195
15693
16228
17365
20556
59520
61192
68803
75338
89816
93646
22534
63244
68909
92458
106865
4581
5663
32221
33254
36008
91276
3685
3934
6596
10177
14754
18590
57050
62119
65457
73188
102500
6447
8113
8162
53563
69885
80711
83908
3642
3983
5557
15885
18049
30692
41610
44509
62411
63250
78641
94628
3493
4034
13772
47363
59806
100479
101561
5953
6617
7945
8870
10530
12854
81367
32419
36000
46411
62134
72213
79375
6379
7922
14205
50040
51675
53550
70198
81344
8160
12144
18141
20563
21058
21227
31801
48117
67753
89310
3560
10839
15462
22532
92419
3869
9110
20772
23173
24430
34171
35576
94194
3508
18951
27650
39773
48140
83428
7072
9651
10979
17151
3677
5005
5767
8964
9751
20866
28907
56375
76982
105532
6362
12113
12860
14769
19607
35081
93432
105764
35923
45824
46405
58808
59140
81954
4596
9219
21373
41341
49499
51669
53544
62495
7985
28297
45609
58937
96810
7642
13704
29688
34348
37311
46348
65283
71935
75857
102870
4201
5784
8784
10693
14529
17932
23683
45910
61556
64212
21668
28111
83434
95244
99074
4155
7158
14729
19893
52107
72422
76993
93816
12173
41387
91208
4115
4874
6036
7530
13767
49648
5893
8383
8549
11254
16209
16258
101109
104287
17254
30699
34351
36724
42011
91291
3500
12156
15808
16472
20551
22137
43457
52113
60769
71752
3474
9806
22876
23491
26073
32147
32528
49508
56455
104075
7361
9116
9780
15851
19936
23517
43485
46070
58639
58805
60726
93263
4805
11346
13510
43099
8569
10733
36701
39876
65423
89817
92473
3480
3923
35940
44473
45137
46588
61195
61785
62498
70441
3694
4121
9196
15694
67630
68804
72207
96681
15588
17709
22535
30693
59864
77305
89176
92459
104318
4582
5993
8071
14320
33633
41613
57941
63600
93647
4384
6597
14663
17909
27647
60242
103571
106866
8114
8606
10527
53558
53564
64129
91277
107664
7965
19824
52966
59409
63245
65409
68065
3494
11409
12740
14065
16229
20557
24052
100972
5558
7722
16870
17460
39641
42887
88970
44510
48838
53166
56412
62412
66691
15937
52150
100102
4553
13707
29691
3488
8821
11406
15891
16223
47358
61187
65432
67756
76741
3511
7470
14749
15413
19827
69439
3626
4290
4367
8203
10272
12851
80445
92848
93435
96684
31420
45821
65380
67633
72210
72216
3674
3680
8180
8303
19781
44470
49419
60239
9577
9654
10487
10905
19564
46786
65426
67000
79418
9677
43096
53547
67687
68105
89622
3528
4204
10690
28263
55061
64215
3563
8543
28904
95625
4902
9230
10988
32969
45612
8343
11343
41344
46299
50344
51672
56295
60611
104284
5286
8535
12857
12863
19604
46408
57222
107095
3471
5340
8629
9514
12170
12176
32439
54620
83391
95041
6319
7994
10650
52110
3517
4599
33026
44879
49502
5277
7198
7364
8787
10945
15854
19601
46067
58802
60723
66723
30533
47845
48841
59704
66700
90676
98619
3497
3571
9903
52777
58350
67006
73670
94471
11798
19741
8695
9952
19764
20689
3477
3969
23494
69897
96584
104078
5990
10736
13315
36704
70095
71841
5226
5890
8005
11177
36727
42063
65326
6445
8117
9777
23520
24433
46322
81207
91274
93930
3932
4928
14758
15883
34191
48337
56366
57540
5661
5996
11898
16226
20554
24055
34371
47355
63597
3646
3683
5257
9634
12253
13335
30696
35565
42008
49680
83849
105944
15934
27003
54643
68801
69548
80119
6637
6643
39638
43966
73776
104072
3491
16232
16475
21052
24049
78988
4132
8509
11706
62068
62117
63248
65363
76183
3961
20870
23526
52245
78640
3606
5573
14063
24428
35574
50347
89360
92348
100506
3512
12165
15915
19828
46789
65358
8822
12142
15892
16224
23171
31421
52151
70791
96685
4385
6377
15460
19782
28859
32179
60163
3483
3704
9655
10977
12852
18139
27625
39650
45607
45822
65427
67757
3506
4170
20400
28905
44471
56373
66849
67688
3529
10267
10931
17767
32202
72211
82146
89523
97589
5295
8544
9718
13702
22607
28109
34346
43097
49998
53496
96278
5235
10737
21920
64216
67001
4594
8344
9918
10751
11246
36965
54621
56198
75268
77924
10691
20933
3472
24276
32440
41339
49503
58989
95042
10651
12858
15809
45613
53980
62138
83729
7502
12171
14827
53041
53533
54615
91160
3566
6615
7156
22304
43993
58797
66469
83240
3641
8218
11799
24273
58992
68810
93284
98620
5229
5278
9071
13602
19602
20549
36699
46068
46351
52068
53562
60724
19742
32145
62859
101654
104073
3572
7199
9904
13765
15855
16470
43483
50430
58803
62098
94472
100472
3549
3970
36009
42009
59327
62404
81210
8690
10141
17352
23180
4588
9921
36728
56622
61193
102481
3947
4660
53940
67834
5793
16868
17366
43085
67322
105349
6446
8567
9778
11899
12932
16227
20555
21053
53556
89815
98508
12254
32222
71850
81339
19630
36991
47356
69549
91275
108501
5209
9300
11707
22776
30691
80712
9194
27004
41611
63251
65458
80120
80606
95262
3933
4182
8163
10674
14753
19822
76184
81345
29311
39639
43967
57541
62118
65364
3492
6689
15886
18050
18591
24050
29952
77658
6380
8301
15866
19779
73897
73968
7946
9059
10270
15889
16221
16885
31424
32420
58222
89311
92846
3509
6595
7923
8750
12168
19825
43472
46792
73187
77432
83429
100409
3486
5785
6240
8109
12855
15843
18142
19802
59172
67754
93439
96759
4557
13705
22533
23523
29689
31687
46414
3532
7854
10485
46320
46984
58763
9675
14323
27651
66852
3578
9111
9652
23669
24431
35571
37538
45604
53104
66998
93433
22441
30267
41342
46168
49500
51670
5733
7393
8733
14770
36705
46406
55689
76985
5000
11329
28902
37312
50874
60277
89248
6363
7691
7986
14724
28298
34249
45610
53971
61016
64213
65332
3964
4889
13699
18958
21276
34349
69815
14137
58800
70456
90768
4597
5338
12174
13256
18073
21322
54618
91157
10648
14730
16304
52108
3475
3546
8550
16210
17704
32099
34352
36012
42012
100944
3569
4116
4565
13768
15926
64210
69546
4422
9168
10259
11255
15168
15832
23492
26074
32148
83420
93072
6486
7531
9191
20552
89394
4806
27187
47843
65232
104356
7147
7196
8862
15852
19172
43486
58806
3503
36725
45138
61368
70442
5275
20546
22636
36702
46071
65424
30694
63397
69895
77306
80709
105942
6741
13774
18053
20758
22879
24053
47353
72208
88973
96682
3681
3930
7668
16238
17320
20652
61190
76679
103572
8072
10273
12929
14011
17306
36696
71959
90845
41614
50897
53553
53565
63254
67631
4130
16871
17363
19776
48839
55331
62066
68066
3489
3495
10528
16473
79278
6343
8507
16822
29065
62115
66692
93001
8115
14066
16230
53559